0.9996378524316879 1.0016533133211099
0.9996378524316879 1.0016533133211099
0.1010097588209527 9.91281019474822
0.1010097588209527 9.91281019474822
0.22277402377033118 4.494646862605844
0.7779545739082911 1.2870810206553724
0.746015263948537 1.3421850937871314
0.5090624795642846 1.9669305973333975
0.4129043841212655 2.424993789156113
0.16244893065587282 6.163725196384974
0.46431732154093097 2.15647902965673
0.1070232948785969 9.355818919098168
0.11038778959379886 9.070664162167871
0.11827440787428177 8.465826081950944
0.12806889707225122 7.8183742493269985
0.13242138938481596 7.561396022659549
0.15333157033783035 6.530230955068735
0.31886756368686847 3.1401455683735753
0.11481271466933034 8.72107736406368
0.33433340408317724 2.9948864061465197
0.3471254414713738 2.8845208313317237
0.31886756368686847 3.1401455683735753
0.7203449033733236 1.3900154805294336
0.33433340408317724 2.9948864061465197
0.29508331776852936 3.3932469465957267
0.9100693843927852 1.1002354152123006
0.6110328655262931 1.638685287651377
0.11827440787428177 8.465826081950944
0.3629345161807753 2.758873908015578
0.16815466618182234 5.954580920916717
0.12146695908000946 8.243316327280866
0.3629345161807753 2.758873908015578
0.44808256971639815 2.2346117315903156
0.44808256971639815 2.2346117315903156
0.3471254414713738 2.8845208313317237
0.3067597842602903 3.2640868144560584
0.29508331776852936 3.3932469465957267
0.17884454999993193 5.598664130440541
0.680373468568156 1.4716778552764733
0.12555043372646965 7.975205957399236
0.12146695908000946 8.243316327280866
0.660297026684949 1.5164244673892038
0.3067597842602903 3.2640868144560584
0.1729359137569701 5.789951579499734
0.9321713637119938 1.0741486018430837
0.8097209768099953 1.2365871648207973
0.17884454999993193 5.598664130440541
0.6952555783158587 1.4401762434396557
0.660297026684949 1.5164244673892038
0.24077506205250943 4.158614095969093
0.1729359137569701 5.789951579499734
0.8302763740035567 1.2059726114826308
0.16815466618182234 5.954580920916717
0.5928738696133922 1.6888761983427125
0.5243599552171098 1.9095481206127138
0.12466835369085494 8.031633829803662
0.46946583022901367 2.132829489466681
0.3993219688499198 2.507476785945933
0.7575967047921 1.32166700392945
0.1576311332743669 6.352111706680365
0.6131858779422192 1.6329315514727996
0.14263279285282593 7.020058620338237
0.24497281341148297 4.087353829453402
0.21611822928852448 4.633068530617309
0.3993219688499198 2.507476785945933
0.7154534426140546 1.3995188329110277
0.14263279285282593 7.020058620338237
0.6418289302214331 1.560058326856582
0.23005402123956942 4.352414974597176
0.18447770831617089 5.427704930577935
0.21611822928852448 4.633068530617309
0.14627618155453592 6.845205804309905
0.3761445407824011 2.6619835155035347
0.12806889707225122 7.8183742493269985
0.20623167226828343 4.855173582197579
0.28309550842018594 3.5369355472896737
0.38640225248510063 2.5913165893048404
0.3761445407824011 2.6619835155035347
0.8097209768099953 1.2365871648207973
0.25645084186864464 3.904415207660986
0.13912335300482298 7.197142286922075
0.9893513480029201 1.0120677239997489
0.23005402123956942 4.352414974597176
0.1576311332743669 6.352111706680365
0.7929707755857631 1.2627080314148411
0.9571476859667528 1.0461191952818234
0.28309550842018594 3.5369355472896737
0.5928738696133922 1.6888761983427125
0.1993961863671422 5.021613428281685
0.27753787848141975 3.607761839530066
0.25645084186864464 3.904415207660986
0.10378201044256082 9.64801667205679
0.5649539376921171 1.7723401859977335
0.38640225248510063 2.5913165893048404
0.5649539376921171 1.7723401859977335
0.10564826843489555 9.47758616248814
0.4895177847577674 2.045463103051254
0.11300091317055261 8.860906862744976
0.5788059391405275 1.7299244864284242
0.43042788992646563 2.326267861454004
0.5397741313404425 1.8550176988342406
0.5504159957705363 1.8191523769356952
0.5788059391405275 1.7299244864284242
0.20952905881467065 4.778767072566505
0.6952555783158587 1.4401762434396557
0.13242138938481596 7.561396022659549
0.6814488285551832 1.4693554747644784
0.7929707755857631 1.2627080314148411
0.10378201044256082 9.64801667205679
0.11481271466933034 8.72107736406368
0.4293285292402319 2.3322246224385523
0.19712395229049814 5.079497216724907
0.11093859934075355 9.025628347207485
0.26763271076976725 3.741286198273295
0.27753787848141975 3.607761839530066
0.14627618155453592 6.845205804309905
0.10213077234926392 9.804004649893509
0.1491724661400112 6.71230149181553
0.18803898980680245 5.324909307575829
0.1491724661400112 6.71230149181553
0.8432201764207916 1.1874603988481003
0.2366775755740939 4.230610207074461
0.9321713637119938 1.0741486018430837
0.11300091317055261 8.860906862744976
0.1614133418495722 6.203270160545608
0.8302763740035567 1.2059726114826308
0.18447770831617089 5.427704930577935
0.24872667797489126 4.02566614551286
0.13479325002284057 7.428343532333638
0.5397741313404425 1.8550176988342406
0.6281224911071451 1.5941008022885756
0.13479325002284057 7.428343532333638
0.1070232948785969 9.355818919098168
0.8964362715638052 1.1169679304282039
0.5504159957705363 1.8191523769356952
0.9089054040338735 1.1016444203824782
0.1372310680368111 7.29638398457127
0.26763271076976725 3.741286198273295
0.8577733614992039 1.1673136657675607
0.6418289302214331 1.560058326856582
0.18803898980680245 5.324909307575829
0.8432201764207916 1.1874603988481003
0.8714204334550959 1.1490326925653793
0.26399307438739517 3.7928667989981455
0.5251980642681512 1.9065008710659839
0.19266873062663417 5.196954190505172
0.15223396823813903 6.577313713868929
0.9701799647154524 1.0320668364895278
0.20623167226828343 4.855173582197579
0.4795971395380699 2.087774268157238
