0.9996378524316879 0.0012905670093987798
0.9996378524316879 0.0012905670093987798
0.1010097588209527 0.0012905670093987798
0.1010097588209527 0.0012905670093987798
0.22277402377033118 0.0012905670093987798
0.7779545739082911 0.0012905670093987798
0.746015263948537 0.0012905670093987798
0.5090624795642846 0.0012905670093987798
0.4129043841212655 0.0012905670093987798
0.16244893065587282 0.0012905670093987798
0.46431732154093097 0.0012905670093987798
0.1070232948785969 0.0012905670093987798
0.11038778959379886 0.0012905670093987798
0.11827440787428177 0.0012905670093987798
0.12806889707225122 0.0012905670093987798
0.13242138938481596 0.0012905670093987798
0.15333157033783035 0.0012905670093987798
0.31886756368686847 0.0012905670093987798
0.11481271466933034 0.0012905670093987798
0.33433340408317724 0.0012905670093987798
0.3471254414713738 0.0012905670093987798
0.31886756368686847 0.0012905670093987798
0.7203449033733236 0.0012905670093987798
0.33433340408317724 0.0012905670093987798
0.29508331776852936 0.0012905670093987798
0.9100693843927852 0.0012905670093987798
0.6110328655262931 0.0012905670093987798
0.11827440787428177 0.0012905670093987798
0.3629345161807753 0.0012905670093987798
0.16815466618182234 0.0012905670093987798
0.12146695908000946 0.0012905670093987798
0.3629345161807753 0.0012905670093987798
0.44808256971639815 0.0012905670093987798
0.44808256971639815 0.0012905670093987798
0.3471254414713738 0.0012905670093987798
0.3067597842602903 0.0012905670093987798
0.29508331776852936 0.0012905670093987798
0.17884454999993193 0.0012905670093987798
0.680373468568156 0.0012905670093987798
0.12555043372646965 0.0012905670093987798
0.12146695908000946 0.0012905670093987798
0.660297026684949 0.0012905670093987798
0.3067597842602903 0.0012905670093987798
0.1729359137569701 0.0012905670093987798
0.9321713637119938 0.0012905670093987798
0.8097209768099953 0.0012905670093987798
0.17884454999993193 0.0012905670093987798
0.6952555783158587 0.0012905670093987798
0.660297026684949 0.0012905670093987798
0.24077506205250943 0.0012905670093987798
0.1729359137569701 0.0012905670093987798
0.8302763740035567 0.0012905670093987798
0.16815466618182234 0.0012905670093987798
0.5928738696133922 0.0012905670093987798
0.5243599552171098 0.0012905670093987798
0.12466835369085494 0.0012905670093987798
0.46946583022901367 0.0012905670093987798
0.3993219688499198 0.0012905670093987798
0.7575967047921 0.0012905670093987798
0.1576311332743669 0.0012905670093987798
0.6131858779422192 0.0012905670093987798
0.14263279285282593 0.0012905670093987798
0.24497281341148297 0.0012905670093987798
0.21611822928852448 0.0012905670093987798
0.3993219688499198 0.0012905670093987798
0.7154534426140546 0.0012905670093987798
0.14263279285282593 0.0012905670093987798
0.6418289302214331 0.0012905670093987798
0.23005402123956942 0.0012905670093987798
0.18447770831617089 0.0012905670093987798
0.21611822928852448 0.0012905670093987798
0.14627618155453592 0.0012905670093987798
0.3761445407824011 0.0012905670093987798
0.12806889707225122 0.0012905670093987798
0.20623167226828343 0.0012905670093987798
0.28309550842018594 0.0012905670093987798
0.38640225248510063 0.0012905670093987798
0.3761445407824011 0.0012905670093987798
0.8097209768099953 0.0012905670093987798
0.25645084186864464 0.0012905670093987798
0.13912335300482298 0.0012905670093987798
0.9893513480029201 0.0012905670093987798
0.23005402123956942 0.0012905670093987798
0.1576311332743669 0.0012905670093987798
0.7929707755857631 0.0012905670093987798
0.9571476859667528 0.0012905670093987798
0.28309550842018594 0.0012905670093987798
0.5928738696133922 0.0012905670093987798
0.1993961863671422 0.0012905670093987798
0.27753787848141975 0.0012905670093987798
0.25645084186864464 0.0012905670093987798
0.10378201044256082 0.0012905670093987798
0.5649539376921171 0.0012905670093987798
0.38640225248510063 0.0012905670093987798
0.5649539376921171 0.0012905670093987798
0.10564826843489555 0.0012905670093987798
0.4895177847577674 0.0012905670093987798
0.11300091317055261 0.0012905670093987798
0.5788059391405275 0.0012905670093987798
0.43042788992646563 0.0012905670093987798
0.5397741313404425 0.0012905670093987798
0.5504159957705363 0.0012905670093987798
0.5788059391405275 0.0012905670093987798
0.20952905881467065 0.0012905670093987798
0.6952555783158587 0.0012905670093987798
0.13242138938481596 0.0012905670093987798
0.6814488285551832 0.0012905670093987798
0.7929707755857631 0.0012905670093987798
0.10378201044256082 0.0012905670093987798
0.11481271466933034 0.0012905670093987798
0.4293285292402319 0.0012905670093987798
0.19712395229049814 0.0012905670093987798
0.11093859934075355 0.0012905670093987798
0.26763271076976725 0.0012905670093987798
0.27753787848141975 0.0012905670093987798
0.14627618155453592 0.0012905670093987798
0.10213077234926392 0.0012905670093987798
0.1491724661400112 0.0012905670093987798
0.18803898980680245 0.0012905670093987798
0.1491724661400112 0.0012905670093987798
0.8432201764207916 0.0012905670093987798
0.2366775755740939 0.0012905670093987798
0.9321713637119938 0.0012905670093987798
0.11300091317055261 0.0012905670093987798
0.1614133418495722 0.0012905670093987798
0.8302763740035567 0.0012905670093987798
0.18447770831617089 0.0012905670093987798
0.24872667797489126 0.0012905670093987798
0.13479325002284057 0.0012905670093987798
0.5397741313404425 0.0012905670093987798
0.6281224911071451 0.0012905670093987798
0.13479325002284057 0.0012905670093987798
0.1070232948785969 0.0012905670093987798
0.8964362715638052 0.0012905670093987798
0.5504159957705363 0.0012905670093987798
0.9089054040338735 0.0012905670093987798
0.1372310680368111 0.0012905670093987798
0.26763271076976725 0.0012905670093987798
0.8577733614992039 0.0012905670093987798
0.6418289302214331 0.0012905670093987798
0.18803898980680245 0.0012905670093987798
0.8432201764207916 0.0012905670093987798
0.8714204334550959 0.0012905670093987798
0.26399307438739517 0.0012905670093987798
0.5251980642681512 0.0012905670093987798
0.19266873062663417 0.0012905670093987798
0.15223396823813903 0.0012905670093987798
0.9701799647154524 0.0012905670093987798
0.20623167226828343 0.0012905670093987798
0.4795971395380699 0.0012905670093987798
